kinematics:
  shoulder:
    x: 0
    y: 0
    z: 0.1283136474519417
    roll: -0
    pitch: 0
    yaw: -3.767759878115646e-05
  upper_arm:
    x: -2.354624831613653e-05
    y: 0
    z: 0
    roll: 1.570468817918873
    pitch: 0
    yaw: -4.441414576019795e-05
  forearm:
    x: -0.612393845520297
    y: 0
    z: 0
    roll: 3.139068141650097
    pitch: 3.140586037665952
    yaw: -3.141462674645665
  wrist_1:
    x: -0.5711101927760002
    y: 0.0003281134552077319
    z: 0.1630862657811625
    roll: 3.139580755095886
    pitch: -3.141072802379673
    yaw: -3.141520330579663
  wrist_2:
    x: -9.161606134650332e-05
    y: -0.1155430841050418
    z: -2.436514552028694e-05
    roll: 1.571007201771516
    pitch: 0
    yaw: -0.0001344611640019949
  wrist_3:
    x: 0.0001485112379717174
    y: 0.09217462381258883
    z: -3.10876133041056e-05
    roll: 1.57045905813201
    pitch: 3.141592653589793
    yaw: -3.141458637870864
  hash: calib_16723828824664553708
# kinematics:
#   shoulder:
#     x: 0
#     y: 0
#     z: 0.1273
#     roll: 0
#     pitch: 0
#     yaw: 0
#   upper_arm:
#     x: 0
#     y: 0
#     z: 0
#     roll: 1.570796327
#     pitch: 0
#     yaw: 0
#   forearm:
#     x: -0.612
#     y: 0
#     z: 0
#     roll: 0
#     pitch: 0
#     yaw: 0
#   wrist_1:
#     x: -0.5723
#     y: 0
#     z: 0.163941
#     roll: 0
#     pitch: 0
#     yaw: 0
#   wrist_2:
#     x: 0
#     y: -0.1157
#     z: -2.373046667922381e-11
#     roll: 1.570796327
#     pitch: 0
#     yaw: 0
#   wrist_3:
#     x: 0
#     y: 0.0922
#     z: -1.891053610911353e-11
#     roll: 1.570796326589793
#     pitch: 3.141592653589793
#     yaw: 3.141592653589793
#   hash: calib_17227329492635474227


